90784196 20220317
79318255 20220320
97019642 20220317
90793473 20220317
97138915 20220317
90792096 20220320
90788429 20220320
88536234 20220320
79318308 20220319
79319346 20220319
79319364 20220319
79319365 20220319
79319381 20220319
79319701 20220319
79322546 20220319
79334982 20220319
90004798 20220319
90065823 20220319
90489731 20220319
90549187 20220319
90658301 20220319
90755326 20220319
90755329 20220319
90774672 20220319
90774814 20220319
90782661 20220319
90787389 20220319
90787862 20220319
90787863 20220319
90787880 20220319
90787883 20220319
90789559 20220319
90789828 20220319
90789839 20220319
90789843 20220319
90791979 20220319
90792855 20220319
90792857 20220319
90793353 20220319
90793774 20220319
90793884 20220319
90796123 20220319
90797828 20220318
90799318 20220319
90799323 20220319
90799326 20220319
90802542 20220319
90802652 20220319
90802653 20220319
90857214 20220319
90898641 20220319
90976623 20220319
97051812 20220318
97055858 20220319
97063205 20220319
97086515 20220319
97107710 20220319
97107741 20220319
97200732 20220319
79318255 20220320
79322542 20220320
79323356 20220320
79329121 20220320
88536234 20220320
88953965 20220320
90031417 20220320
90498828 20220320
90568395 20220320
90774638 20220320
90774640 20220320
90782829 20220320
90782846 20220320
90782899 20220320
90782916 20220320
90787024 20220320
90788191 20220320
90788382 20220320
90788486 20220320
90788756 20220320
90788801 20220320
90789566 20220320
90790415 20220320
90794080 20220320
90794094 20220320
90794105 20220320
90794717 20220320
90797823 20220320
90799515 20220320
90799547 20220320
90799899 20220320
90801510 20220320
90805423 20220320
90832525 20220320
90848155 20220320
90848170 20220320
90903088 20220320
97153323 20220320
90777609 20220314
90785329 20220314
90350324 20220316
90773843 20220316
90793473 20220317
90793482 20220317
90794339 20220316
90796114 20220317
90864485 20220317
97019642 20220317
97138909 20220317
97138915 20220317
97183206 20220317
97227798 20220317
97227805 20220317
79320632 20220318
90189300 20220318
90793888 20220318
90794714 20220318
90851366 20220318
97153333 20220320
97223165 20220320
97223266 20220320
