79239239 20180831
79261040 20190820
79261838 20190820
79264618 20190820
79264624 20190820
88297901 20190424
88975456 20190516
88034520 20190819
88443032 20190819
88450829 20190819
88975678 20190819
88222382 20190820
88448248 20190820
88449402 20190820
88450666 20190820
88450739 20190820
88451150 20190820
88451169 20190820
88451176 20190820
88451189 20190820
88975692 20190820
79265096 20190821
88451063 20190821
88453740 20190821
79263183 20190822
88186603 20190822
88211492 20190822
88452001 20190822
88454709 20190822
88457457 20190822
88545513 20190822
87804850 20190823
88452421 20190823
88452450 20190823
88455748 20190823
88457292 20190823
88486588 20190823
88186926 20190824
88453907 20190824
88455667 20190824
88448308 20190825
79144908 20140522
79206488 20170623
79230820 20180506
79232987 20180609
79239319 20180904
79242494 20181216
79242586 20181029
79245078 20181213
79245148 20190118
79245690 20181212
79247078 20190114
79249157 20190129
79249600 20190119
79249755 20190131
79251113 20190220
79255091 20190411
79255713 20190426
79255718 20190426
79256047 20190408
79256967 20190507
79257375 20190511
79257415 20190429
86747753 20151016
87716507 20180323
87936502 20180921
88115003 20181226
88127574 20190109
88151083 20181202
88324689 20190514
88332887 20190423
88448558 20190826
88449287 20190826
88451380 20190826
88458974 20190826
88461503 20190826
88482244 20190826
79263111 20190827
87622151 20190827
87981783 20190827
88062443 20190827
88390998 20190826
88448234 20190827
88453541 20190827
88453545 20190827
88453561 20190827
88453586 20190827
88456551 20190827
88458907 20190827
W 0
87924916 20190828
87981799 20190828
88457681 20190828
88459762 20190828
88459825 20190828
88459946 20190828
88464741 20190828
88467670 20190828
88487658 20190828
88549607 20190828
88975723 20190828
87499375 20190829
88459983 20190829
88462161 20190829
88487842 20190829
88495563 20190829
88253359 20190830
88454325 20190830
88466828 20190830
88467220 20190830
88448945 20190831
88465293 20190831
79255002 20190516
79255204 20190517
79257236 20190517
79257258 20190516
79257341 20190513
79257999 20190515
79258220 20190517
79258224 20190517
79258225 20190516
79258492 20190515
88321730 20190517
88326493 20190517
88331639 20190517
79223930 20180104
79230028 20180414
79242743 20181115
79242943 20181023
79244381 20181203
79244724 20181219
79245489 20181121
79245530 20190112
79245859 20181126
79246564 20190227
79247205 20190212
79247421 20181219
79250244 20190307
79250291 20190220
79250504 20190208
79250670 20190208
79251259 20190321
79251460 20190212
79251602 20190410
79252045 20190221
79252790 20190304
79253086 20190403
79253659 20190314
79254218 20190320
79254420 20190412
79254441 20190428
79256858 20190430
79257304 20190503
79257772 20190513
87590293 20171207
87808396 20180611
87826871 20180620
88071297 20181025
88099524 20181213
88341461 20190531
88466579 20190902
88162763 20190903
88259875 20190903
88259887 20190903
88460269 20190903
88460288 20190903
88461515 20190903
88461858 20190903
88468207 20190903
88468480 20190903
88468483 20190903
88560586 20190903
79264882 20190904
88182987 20190904
88432556 20190904
88461087 20190904
88461937 20190904
88463305 20190904
88465854 20190904
88469733 20190904
88470403 20190904
88470567 20190904
88179351 20190905
88392794 20190905
88466624 20190905
88466662 20190905
88467601 20190905
88467654 20190905
88470227 20190905
88471768 20190905
88472565 20190905
88516082 20190905
88220174 20190906
88467158 20190906
88472862 20190906
88473365 20190906
88473565 20190906
88473191 20190907
88230092 20190908
88452866 20190908
79226949 20180228
79236161 20180718
79239486 20180915
79239731 20180907
79241310 20181005
79242563 20181218
79246109 20181208
79248576 20190118
79249897 20190124
79250036 20190131
79250820 20190219
79250878 20190212
79254445 20190427
79254499 20190504
79256276 20190502
87363218 20170609
87831989 20180625
88071018 20181128
88071954 20181128
88145671 20190125
88421819 20190729
88465498 20190909
88466496 20190909
88472981 20190909
88473238 20190909
88475308 20190909
88476426 20190909
88478946 20190909
88525862 20190909
88567475 20190909
79266311 20190910
79266317 20190910
87575886 20190910
88476165 20190910
88476195 20190910
88523867 20190910
79247048 20190911
79261483 20190911
88116763 20190911
88179898 20190911
88419098 20190911
88472633 20190911
88473094 20190911
88476091 20190911
88481524 20190911
88577442 20190911
88580502 20190911
87806633 20190912
88460218 20190912
88472452 20190912
88476261 20190912
88481345 20190912
88144052 20190913
88467825 20190913
88474244 20190913
88444952 20190914
88477760 20190914
88484075 20190915
88484092 20190915
79230805 20180506
79238329 20180918
79240430 20181103
79240700 20181105
79243407 20181129
79243953 20181217
79245245 20190123
79245257 20181203
79245525 20190129
79246057 20181129
79246715 20190128
79248798 20190111
79251223 20190215
79252615 20190305
79254069 20190317
79254084 20190318
79255063 20190405
79255164 20190515
79255202 20190404
79256861 20190430
79258594 20190524
79261265 20190627
87691961 20180307
87803759 20180605
87856807 20180724
88028273 20181025
88029811 20181105
88053913 20181128
88081274 20181206
88081523 20181204
88104582 20181217
88337477 20190524
88337482 20190524
88345474 20190604
88428942 20190806
79266533 20190916
79266782 20190916
88478906 20190916
88479768 20190916
88482164 20190916
88535847 20190916
88567326 20190916
88567346 20190916
79264185 20190917
87591300 20190917
88304132 20190917
88446691 20190917
88477724 20190917
88479814 20190917
88487377 20190917
88487773 20190917
88489274 20190917
88489620 20190917
88490076 20190917
88481139 20190918
88486264 20190918
88487732 20190918
88489553 20190918
88490506 20190918
88491128 20190918
88491840 20190918
88492641 20190918
88496271 20190918
88563719 20190918
79266818 20190919
87177905 20190919
87637851 20190919
88484345 20190919
VERSE BY
88493687 20190919
79266637 20190920
88191485 20190920
88488847 20190920
88489310 20190920
88495941 20190920
88491880 20190921
88497145 20190921
79194222 20161028
79216644 20170930
79225135 20180130
79241003 20180925
79241124 20181001
79242686 20181204
79244357 20181208
79244691 20190107
79245765 20190111
79246916 20181219
79247561 20190214
79248043 20190102
79248581 20190116
79248728 20190220
79248870 20190114
79249355 20190308
79249741 20190213
79251419 20190212
79251545 20190213
79252543 20190316
79256037 20190425
79256325 20190415
79256448 20190515
79257810 20190506
79258778 20190528
87718206 20180330
87824729 20180621
87871110 20180731
88073592 20181128
88097096 20181212
88173523 20190211
88179646 20190104
79262297 20190923
79265590 20190923
79267275 20190923
88221981 20190923
88303053 20190923
88491865 20190923
88493922 20190923
88497562 20190923
88498876 20190923
88499444 20190923
88500637 20190923
88525503 20190923
79263026 20190924
87400288 20190924
88451071 20190924
88484642 20190924
88501676 20190924
88502737 20190924
88503511 20190924
88503975 20190924
88504003 20190924
88504014 20190924
88504066 20190924
88504107 20190924
88504532 20190924
88975877 20190924
79267477 20190925
88485527 20190925
88494840 20190925
88497214 20190925
88503749 20190925
88503752 20190925
88503950 20190925
88503954 20190925
88504049 20190925
88504057 20190925
88506325 20190925
88595710 20190925
88596413 20190925
88975894 20190925
88312101 20190926
88499393 20190926
88500037 20190926
88504101 20190926
88504103 20190926
88504155 20190926
88504178 20190926
88505505 20190926
88185812 20190927
88501079 20190927
88502383 20190927
88508279 20190927
88503376 20190928
88511105 20190929
79189703 20160819
79224593 20180112
79224598 20180112
79248555 20190115
79248917 20190214
79249418 20190116
79250664 20190207
79250805 20190212
79250830 20190213
79255264 20190402
79260637 20190712
79260997 20190711
87237737 20170223
87322949 20170510
87605441 20171221
88003143 20181003
88192144 20181218
88192189 20181218
88197662 20190221
88398192 20190509
87223695 20190930
87870714 20190930
88234028 20190930
88481434 20190930
88501744 20190930
88502150 20190930
88503270 20190930
88503274 20190930
88509896 20190930
79263998 20191001
87956467 20191001
88116097 20191001
88216904 20191001
88505283 20191001
88508867 20191001
88508889 20191001
88512569 20191001
88513951 20191001
88513957 20191001
88514919 20191001
88515737 20191001
88516102 20191001
88516169 20191001
88572684 20191001
88572955 20191001
79266531 20191002
87643893 20191002
88503296 20191002
88513617 20191002
88516466 20191002
88516839 20191002
88517114 20191002
88517324 20191002
88517486 20191002
88517880 20191002
88517889 20191002
88518133 20191002
88518137 20191002
88518143 20191002
88518145 20191002
88518151 20191002
88518159 20191002
88518184 20191002
88518204 20191002
88554952 20191004
88555931 20191004
88593795 20191004
88009854 20191005
88109458 20191005
88601456 20191005
88519971 20191006
79216514 20170918
79231540 20180522
79233607 20180614
79236481 20180831
79237279 20180731
79238368 20180831
79240407 20181207
79243649 20190128
79243925 20181221
79244279 20181228
79244975 20190118
79246005 20181126
79248353 20190111
79249049 20190122
79249067 20190122
79249426 20190117
79250922 20190212
79252951 20190311
79253735 20190314
79255004 20190331
79257402 20190429
79260282 20190612
79260517 20190715
79260595 20190722
79261306 20190703
79261971 20190722
87601974 20171213
87730420 20180403
87882966 20180811
87883696 20180801
88124113 20190103
88124908 20190105
88171279 20190208
88297736 20190430
79266986 20191007
88488590 20191007
88508244 20191007
88509828 20191007
88520937 20191007
88522737 20191007
88311454 20191008
88496828 20191008
88516528 20191008
88523045 20191008
88523566 20191008
88523588 20191008
87982085 20191009
88074949 20191009
88444912 20191009
88513200 20191009
88516816 20191009
88516893 20191009
88520796 20191009
88525693 20191009
88526707 20191009
88526762 20191009
88526806 20191009
88526840 20191009
88510093 20191010
88511053 20191010
88512520 20191010
88519993 20191010
88520531 20191010
88521436 20191010
88521629 20191010
88527513 20191010
87357848 20191011
87905862 20191011
88280179 20191011
88327826 20191011
88526044 20191010
88526357 20191011
88531144 20191011
88532782 20191011
88532888 20191011
88555977 20191011
88510304 20191012
88542663 20191012
79201218 20170221
79230593 20180428
79232745 20180607
79234872 20180707
79236141 20180810
79236932 20180724
79239336 20180912
79241261 20181127
79241318 20181003
79243525 20181130
79244084 20181128
79245602 20181126
79245629 20190201
79247055 20190102
79247065 20190121
79247973 20190118
79248778 20190111
79249205 20190122
79249293 20190125
79249640 20190117
79250702 20190205
79250752 20190207
79251764 20190226
79253352 20190306
79255775 20190409
79257162 20190507
79258693 20190628
79259889 20190712
79259935 20190622
79261090 20190708
79261440 20190704
79262646 20190722
87811400 20180609
87811416 20180609
88019702 20181030
88136694 20190902
88412548 20190719
88468573 20190805
88139997 20191014
88587450 20191014
79266358 20191015
87798165 20191015
88309297 20191015
88514856 20191015
88528938 20191015
88531250 20191015
88533508 20191015
88534865 20191015
88546186 20191015
79266353 20191016
79268959 20191016
88503770 20191016
88519306 20191016
88526234 20191016
88528061 20191016
88537463 20191016
79268636 20191017
87498502 20191017
88425615 20191017
88528644 20191017
88528662 20191017
88531130 20191017
88531142 20191017
88531148 20191017
88531786 20191017
88535124 20191017
88536224 20191017
88537399 20191017
88575076 20191017
88319571 20191018
88530209 20191018
88531127 20191018
88537712 20191018
88540354 20191018
88590381 20191018
76720636 20191020
79206208 20170505
79234671 20180626
79235005 20180904
79241667 20181114
79244736 20181218
79245080 20181114
79248458 20190119
79248781 20190307
79249576 20190123
79249582 20190119
79252546 20190306
79252891 20190305
79253358 20190314
79257570 20190510
79258617 20190527
79261204 20190716
79262086 20190712
88117854 20181227
88117917 20181227
88398003 20190712
86933078 20160711
87477175 20170803
87603080 20180108
87902776 20180822
79268707 20191021
79268800 20191021
85910650 20191021
88529559 20191021
88534277 20191021
88544044 20191021
79234815 20191022
79269077 20191022
79269601 20191022
79269894 20191022
87873669 20191022
88533675 20191022
88533682 20191022
88533951 20191022
88533968 20191022
88546238 20191022
88531930 20191023
88537800 20191023
88545314 20191023
88545645 20191023
88545759 20191023
88545783 20191023
88546128 20191023
88546606 20191023
88515184 20191024
88536276 20191024
88536300 20191024
88536449 20191024
88537691 20191024
88539779 20191024
88543092 20191024
88543703 20191024
88543912 20191024
88543996 20191024
88565088 20191024
88599435 20191024
88976083 20191024
88302581 20191025
88537753 20191025
88538937 20191025
88542564 20191025
88549630 20191025
88549919 20191025
88556624 20191025
79253312 20191026
87946938 20191026
88541151 20191026
88555643 20191027
79225691 20180301
79234247 20180717
79246452 20190104
79247983 20190119
79249407 20190130
79251299 20190212
79253592 20190318
79259960 20190712
79260150 20190612
79260697 20190703
79261187 20190712
79261980 20190719
79262136 20190712
79264621 20190821
87939393 20180921
88179917 20190213
88421633 20190729
79267912 20191028
79268074 20191028
87361042 20191028
87752571 20191028
88089337 20191028
88119489 20191028
88541579 20191028
88543662 20191028
88543970 20191028
88544587 20191028
88544798 20191028
88547769 20191028
88553664 20191028
88555520 20191028
87901443 20191029
88545172 20191029
88547957 20191029
88550080 20191029
88552173 20191029
88552409 20191029
88552844 20191029
88552936 20191029
88554570 20191029
88397182 20191030
88547811 20191030
88548462 20191030
88549712 20191030
88556827 20191030
88557456 20191030
88558516 20191030
88559214 20191030
79212552 20191031
79268621 20191031
88553514 20191031
88553719 20191031
88557259 20191031
88558221 20191031
88175641 20191101
88556585 20191101
88558425 20191101
88562023 20191101
88562774 20191101
88565693 20191101
88565771 20191101
88323921 20191102
88334892 20191102
88358144 20191102
88392283 20191102
88440073 20191102
88459447 20191102
88462870 20191102
88462880 20191102
88475448 20191102
88477566 20191102
88478580 20191102
88485942 20191102
88486340 20191102
88494306 20191102
88494318 20191102
88498429 20191102
88505731 20191102
88524503 20191102
88538383 20191102
88538409 20191102
88538411 20191102
88538414 20191102
88543570 20191102
88543850 20191102
88544231 20191102
88548129 20191102
88548131 20191102
88548132 20191102
88548453 20191102
88550401 20191102
88552601 20191102
88552620 20191102
88553076 20191102
88553122 20191102
88553164 20191102
88553270 20191102
88553273 20191102
88553649 20191102
88554470 20191102
88554906 20191102
88554991 20191102
88554992 20191102
88555018 20191102
88555096 20191102
88555103 20191102
88555141 20191102
88555158 20191102
88555164 20191102
88555223 20191102
88555239 20191102
88555307 20191102
88555311 20191102
88555334 20191102
88555349 20191102
88555360 20191102
88555403 20191102
88555414 20191102
88555440 20191102
88555448 20191102
88555486 20191102
88555702 20191102
88555983 20191102
88556006 20191102
88556107 20191102
88556114 20191102
88556126 20191102
88556178 20191102
88556181 20191102
88556207 20191102
88556486 20191102
88556597 20191102
88556626 20191102
88556630 20191102
88556668 20191102
88556817 20191102
 
