79301255 20210301
79303826 20210301
79303896 20210301
79303913 20210301
88571786 20210301
88572276 20210301
88591853 20210301
88675557 20210301
88790179 20210301
88790184 20210301
88899581 20210301
88936918 20210301
90014200 20210301
90014208 20210301
90021754 20210301
90070359 20210301
90115136 20210301
90116253 20210301
90141690 20210301
90141698 20210301
90141702 20210301
90141704 20210301
90143298 20210301
90144057 20210301
90208036 20210301
90211599 20210301
90223565 20210301
90223566 20210301
90223569 20210301
90224498 20210301
90224670 20210301
90224704 20210301
90227192 20210301
90229951 20210301
90230135 20210301
90230138 20210301
90231972 20210301
90232197 20210301
90233395 20210301
90233685 20210301
90280233 20210301
90290841 20210301
90290855 20210301
90316500 20210301