

79303973
79324353
79332169
90748218
79319640
79329896
79320239
79323536
79329124
90753231
79329070
79329071
90746838
90747499
WTR
90753493
90758376
90772219
79333353
88140970
90757290
79323522
90758984
79304410
90154579
90831254
79329070
79329071
90699557
79326068
90154579
79329671
88140970
90044562
90741409
90757290
90766187
90694653
79315516
79317448
90676956
90677449
90680073
90848861
90831224
90831226
90831229
90831232
97070874
97070877
79303383
79310696
79321125
79322293
79303383
79310696
79321125
90771958
90825999
97072484
79321984
90774041
90803602
90976472
79313508
79323697
79326717
79330765
90503457
90617733
90782907
90854904
97021647
90780328
90785979
97257303
90742893
90762229
90777605
79307894
90779689
79318636
79322483
79326046
90458938
90773190
90792295
90794412
79315941
79316324
79318917
79320347
79320358
79321754
79326743
79332280
79333806
79334719
90784196
90784422
90784707
90785016
90793473
90802527
97138915
79317785
79319089
79320632
79320878
79322540
79322541
79322543
79322544
79322545
79327330
79335271
90619580
90793888
90793919
79318308
79319346
79319364
79319365
79318308
79319346
79319364
79319365
79319381
79319701
79322546
79334982
90004798
90489731
79318255
79322542
79323356
79329121
90773843
97183206
79320632
90793888
79318308
79319346
79319364
79319365
79319381
79319701
79322546
79334982
90489731
79318308
''''''''''''''''''''''''

79318308
79318308
79319346
79319364
79319365
79319381
79319701
79322546
79334982
90489731
79318255
79322542
79323356
79329121
88536234
90788429
90792096
79318308
79319346
79319364
79319365
79319381
79319701
79322546
79334982
90489731
79318255
79322542
79323356
79329121
90793473
97019642
97138915
79320632
90793473
90489731
90777609
97183206
97227798
--------------------------------

90489731 20220319
