87752500 20190107
87752822 20190107
87780450 20190107
87809146 20190107
87820018 20190107
88110936 20190107
88125075 20190107
88129544 20190107
88168927 20190107
88214537 20190107
88011770 20190108
88089366 20190108
88120764 20190108
88127559 20190108
88128646 20190108
88129353 20190108
88130596 20190108
88130641 20190108
88131013 20190108
88131059 20190108
88132973 20190108
88132980 20190108
87508665 20190109
88125776 20190109
88126027 20190109
88129352 20190109
88129358 20190109
88129627 20190109
88131991 20190109
88133691 20190109
88133779 20190109
88135218 20190109
79246217 20190110
87979558 20190110
88129613 20190110
88133273 20190110
88133277 20190110
88134708 20190110
88134711 20190110
88134951 20190110
88134986 20190110
88135201 20190110
88135220 20190110
88135935 20190110
88136039 20190110
88136085 20190110
88136086 20190110
88136091 20190110
88136099 20190110
88136113 20190110
88136183 20190110
88136190 20190110
88136330 20190110
88136338 20190110
88136479 20190110
88136499 20190110
88136641 20190110
88137705 20190110
88203267 20190110
86328616 20190111
88118125 20190111
88130197 20190111
88133339 20190111
88134747 20190111
88134854 20190111
88137469 20190111
88138815 20190111
79246806 20190112
86622068 20190112
88120537 20190112
88120549 20190112
88122843 20190112
88129819 20190112
88129826 20190112
88132788 20190112
88133333 20190112
88134816 20190112
88137586 20190112
88137688 20190112
88137694 20190112
88170562 20190112
88137582 20190113
88137779 20190113
88174586 20190113
79230778 20180428
79230826 20180516
79231538 20180512
79239924 20181107
86943248 20160629
87001259 20160816
87335644 20170516
87359128 20170430
87594749 20171216
87667108 20181128
87688835 20180306
87688904 20180306
87723177 20180404
87756981 20180503
87817192 20180406
87819553 20180621
87830659 20180515
87840427 20180515
87853948 20180713
87886231 20180813
87886240 20180813
87892764 20180525
87930440 20180913
87930458 20180919
87949110 20180723
87959869 20180713
87978386 20180828
88008849 20181011
88027573 20181031
88027619 20181030
88028590 20181031
88033215 20181030
88036809 20181105
88036811 20181105
88040423 20181107
88048925 20181114
88051096 20181115
88051113 20181114
88053110 20181112
88055718 20181119
88055814 20181113
88065962 20181127
86878786 20190114
86970058 20190114
87004410 20190114
87566403 20190114
88082903 20190114
88128998 20190114
88133322 20190114
88133334 20190114
88136746 20190114
88138259 20190114
88139780 20190114
88139918 20190114
88140442 20190114
88156387 20190114
88225600 20190114
79248520 20190115
87785173 20190115
87785213 20190115
87785265 20190115
87785291 20190115
87848792 20190115
87932527 20190115
87932530 20190115
87932532 20190115
87932534 20190115
87932537 20190115
88135125 20190115
88137585 20190115
88137588 20190115
88166724 20190115
88169824 20190115
87785292 20190116
87800788 20190116
88139304 20190116
88144343 20190116
79248761 20190117
87785364 20190117
87785405 20190117
88131995 20190117
88141164 20190117
88143238 20190117
88143240 20190117
88145310 20190117
88180187 20190117
87826742 20190118
88138328 20190118
88139194 20190118
88144329 20190118
88145469 20190119
79191490 20160924
79194384 20161112
79213425 20170809
79214957 20170905
79215566 20170919
79225101 20180122
79227760 20180327
79230486 20180430
79232005 20180523
79234245 20180627
79236087 20180802
79236986 20181005
79243225 20181022
87227650 20170213
87260993 20170315
87285473 20170328
87557647 20180608
87646164 20180125
87674372 20180221
87680754 20181212
87685128 20180301
87686595 20181214
87699558 20180313
87699589 20180313
87705691 20181207
87758967 20180503
87766499 20180508
87780899 20180515
87791925 20180531
87794052 20180607
87796840 20180607
87805122 20180608
87807894 20180606
87821496 20180620
87837744 20180701
87855154 20180723
87875783 20180710
87887422 20180814
87914758 20180906
87922512 20180710
87945394 20180710
88036786 20181124
88038099 20181102
88055601 20181119
88061440 20181126
88068472 20181201
88152917 20181107
87850824 20190121
87851953 20190121
87859050 20190121
87874033 20190121
88131685 20190121
88145341 20190121
WTR 0000 0
87547769 20190122
87831044 20190122
87979633 20190122
87979660 20190122
88143421 20190122
88145983 20190122
88148370 20190122
88177325 20190122
79245738 20190123
79246279 20190123
87727366 20190123
87824884 20190123
87826745 20190123
88138006 20190123
88149504 20190123
88151109 20190123
88151633 20190123
88156364 20190123
87438694 20190124
87439663 20190124
87439672 20190124
87439837 20190124
87440177 20190124
87578637 20190124
87824931 20190124
87826957 20190124
88140260 20190124
88140970 20190124
88141948 20190124
88145308 20190124
88145330 20190124
88151084 20190124
88151419 20190124
88151504 20190124
88152521 20190124
88153980 20190124
88154556 20190124
88158825 20190124
88179710 20190124
88227818 20190124
88103884 20190125
88139169 20190125
88150289 20190125
88151329 20190125
88151881 20190125
88154343 20190125
88157308 20190125
88157563 20190125
88157597 20190125
88212598 20190125
88212637 20190125
88213438 20190125
87413487 20190126
87690824 20190126
88010943 20190126
88152306 20190126
87725763 20190127
88156286 20190127
88158816 20190127
88159023 20190127
88163226 20190127
79220956 20171205
79232785 20180601
79233598 20180618
79236409 20180715
79236556 20180906
79242459 20181015
79243635 20181026
79246572 20181204
86864731 20160419
87523996 20171016
87528302 20171013
87765236 20180510
87800495 20180602
87808140 20180611
87815185 20180614
87842693 20180607
87843479 20180709
87843483 20180709
87875788 20180709
87899847 20180614
87902866 20180613
87922501 20180710
87959257 20181003
88009362 20181011
88010864 20181018
88040325 20181107
88050185 20181117
88050524 20181114
88050550 20181117
88050669 20181109
88064150 20181121
88066545 20181125
88066849 20181128
88066864 20181127
88066869 20181127
88066877 20181127
88066884 20181127
88069238 20181203
88071167 20181203
88072709 20181128
88072871 20181128
88077174 20181130
88079007 20181203
88083864 20181207
88085991 20181211
88094789 20181213
88099986 20181107
88144064 20181207
88168022 20181124
86537563 20190128
87571196 20190128
87711032 20190128
87720836 20190128
87725621 20190128
87727569 20190128
87783664 20190128
87783680 20190128
87783691 20190128
87783708 20190128
87827432 20190128
87979468 20190128
88096711 20190128
88100372 20190128
88111231 20190128
88136366 20190128
88151571 20190128
88151585 20190128
88151599 20190128
88157004 20190128
88158643 20190128
79244266 20190129
79250141 20190129
86467939 20190129
87093480 20190129
87476486 20190129
87734260 20190129
87742838 20190129
87754880 20190129
87855472 20190129
87955760 20190129
88103456 20190129
88108753 20190129
88109313 20190129
88142100 20190129
88142909 20190129
88156991 20190129
88157598 20190129
88158661 20190129
88159870 20190129
88160103 20190129
88160231 20190129
88161335 20190129
88162356 20190129
88205925 20190129
79245731 20190130
87765752 20190130
87858611 20190130
88144096 20190130
88144104 20190130
88151873 20190130
88152073 20190130
88156754 20190130
88157408 20190130
88158525 20190130
88158724 20190130
88159869 20190130
88161353 20190130
88161667 20190130
88162151 20190130
88162730 20190130
88162862 20190130
88162864 20190130
88163544 20190130
88163665 20190130
88164346 20190130
87867707 20190131
87882455 20190131
87956824 20190131
88013204 20190131
88147282 20190131
88156862 20190131
88157382 20190131
88162295 20190131
88162863 20190131
88165856 20190131
88194527 20190131
88231920 20190131
87777382 20190201
87799876 20190201
87816127 20190201
88069532 20190201
88109998 20190201
88157298 20190201
88157342 20190201
88157350 20190201
88157365 20190201
88157379 20190201
88157389 20190201
88157397 20190201
88157404 20190201
88158073 20190201
88158969 20190201
88162853 20190201
88162854 20190201
88167100 20190201
88167260 20190201
88167334 20190201
88196217 20190201
87842257 20190202
88061092 20190202
88158689 20190202
88166967 20190202
88167433 20190202
88168410 20190202
88169804 20190202
88171624 20190202
88171710 20190202
88192335 20190202
88219901 20190202
88219982 20190202
88219997 20190202
88158737 20190203
88171356 20190203
79206238 20170511
79219136 20171031
79219175 20171031
79221983 20171216
79229158 20180405
79229680 20180428
79231505 20180517
79232387 20180529
79232502 20180530
79233247 20180607
79234278 20180723
79234878 20180728
79241669 20181011
87005778 20160809
87034583 20160901
87119886 20170213
87596441 20171213
87605086 20171026
87644400 20180124
87655523 20180206
87655616 20180206
87706396 20181208
87738586 20180410
87745065 20180417
87745563 20181221
87775518 20180520
87776238 20180518
87786230 20180524
87794676 20180604
87805499 20180609
87806512 20180608
87822137 20180626
87830451 20180702
87857232 20180723
87862025 20180723
87886970 20180814
87886975 20180814
87886993 20180814
87904873 20180907
87905087 20180827
87917092 20180905
88020158 20181022
88034941 20181026
88035333 20181031
88040334 20181107
88040361 20181111
88058259 20181115
88063228 20181120
88066009 20181127
88066011 20181128
88066014 20181128
88068670 20181205
88071170 20181204
88072865 20181210
88074617 20181130
88075450 20181205
88076939 20181204
88082688 20181205
79246750 20190204
79246751 20190204
87051061 20190204
87830960 20190204
87848882 20190204
87851749 20190204
87857759 20190204
87859056 20190204
87859110 20190204
87882850 20190204
87904488 20190204
88095608 20190204
88111516 20190204
88111519 20190204
88111523 20190204
88138332 20190204
88138766 20190204
88138778 20190204
88142745 20190204
88151268 20190204
88154811 20190204
88154843 20190204
88154875 20190204
88155142 20190204
88155153 20190204
88155177 20190204
88155183 20190204
88155191 20190204
88155201 20190204
88157245 20190204
88157307 20190204
88157463 20190204
88158226 20190204
88158314 20190204
88158596 20190204
88158640 20190204
88159044 20190204
88159120 20190204
88159523 20190204
88159675 20190204
88159682 20190204
88159686 20190204
88159733 20190204
88160174 20190204
88160303 20190204
88160508 20190204
88160657 20190204
88160671 20190204
88160818 20190204
88161000 20190204
88161214 20190204
88161345 20190204
88161590 20190204
88161850 20190204
88162376 20190204
88162518 20190204
88162880 20190204
88163191 20190204
88163193 20190204
88165091 20190204
88165105 20190204
88165412 20190204
88166340 20190204
88166345 20190204
88166926 20190204
88167290 20190204
88167561 20190204
88167974 20190204
88168957 20190204
88169046 20190204
88169087 20190204
88169159 20190204
88169267 20190204
88169329 20190204
88169399 20190204
88169630 20190204
88169679 20190204
88169737 20190204
88170324 20190204
88170514 20190204
88170790 20190204
88170892 20190204
88170970 20190204
88171263 20190204
88171480 20190204
88173530 20190204
88173639 20190204
88174295 20190204
88175382 20190204
88189062 20190204
88208405 20190204
88224018 20190204
88232488 20190204
88234771 20190204
88237474 20190204
79205016 20190205
79234682 20190205
87807698 20190205
87860516 20190205
87949166 20190205
87951423 20190205
88128205 20190205
88151658 20190205
88151663 20190205
88153029 20190205
88154758 20190205
88155629 20190205
88155639 20190205
88156279 20190205
88158138 20190205
88158326 20190205
88158370 20190205
88160277 20190205
88160443 20190205
88160447 20190205
88160485 20190205
88160542 20190205
88160546 20190205
88160549 20190205
88160939 20190205
88160947 20190205
88160950 20190205
88161479 20190205
88161528 20190205
88161566 20190205
88161613 20190205
88161744 20190205
88161996 20190205
88162005 20190205
88162020 20190205
88162065 20190205
88162454 20190205
88162484 20190205
88162540 20190205
88162556 20190205
88162672 20190205
88162791 20190205
88162887 20190205
88163402 20190205
88163614 20190205
88164145 20190205
88164222 20190205
88164710 20190205
88164717 20190205
88164720 20190205
88164722 20190205
88164828 20190205
88165750 20190205
88166248 20190205
88166257 20190205
88166328 20190205
88166361 20190205
88166536 20190205
88166646 20190205
88166698 20190205
88167386 20190205
88167914 20190205
88167961 20190205
88168948 20190205
88168949 20190205
88168950 20190205
88169560 20190205
88169568 20190205
88169578 20190205
88169882 20190205
88169902 20190205
88170511 20190205
88170517 20190205
88170523 20190205
88170529 20190205
88170535 20190205
88170920 20190205
88170965 20190205
88171052 20190205
88171154 20190205
88171240 20190205
88171286 20190205
88171703 20190205
88171759 20190205
88171831 20190205
88171839 20190205
88171843 20190205
88172037 20190205
88172066 20190205
88172078 20190205
88172474 20190205
88172552 20190205
88172675 20190205
88172726 20190205
88173089 20190205
88173104 20190205
88173111 20190205
88173150 20190205
88173164 20190205
88173206 20190205
88173625 20190205
88173637 20190205
88173671 20190205
88173830 20190205
88173854 20190205
88173876 20190205
88174812 20190205
88175137 20190205
88175144 20190205
88178607 20190205
88178616 20190205
88178630 20190205
88180206 20190205
88193690 20190205
88207433 20190205
88214680 20190205
88215102 20190205
88219596 20190205
88243153 20190205
88246721 20190205
88247368 20190205
88255237 20190205
79214378 20190206
79234035 20190206
79248088 20190206
87551888 20190206
87773064 20190206
87845628 20190206
87858882 20190206
87887027 20190206
87979827 20190206
88013031 20190206
88038065 20190206
88143645 20190206
88143655 20190206
88155297 20190206
88156849 20190206
88158847 20190206
88159161 20190206
88159168 20190206
88162156 20190206
88162238 20190206
88162285 20190206
88162381 20190206
88162996 20190206
88163486 20190206
88163624 20190206
88163710 20190206
88164006 20190206
88164221 20190206
88164430 20190206
88164437 20190206
88164518 20190206
88164721 20190206
88164730 20190206
88165437 20190206
88165573 20190206
88165914 20190206
88166009 20190206
88166034 20190206
88166057 20190206
88166131 20190206
88166153 20190206
88166219 20190206
88166261 20190206
88166264 20190206
88166269 20190206
88166330 20190206
88166336 20190206
88166347 20190206
88166357 20190206
88166358 20190206
88166390 20190206
88167096 20190206
88167320 20190206
88167436 20190206
88167632 20190206
88168101 20190206
88168195 20190206
88168761 20190206
88169231 20190206
88169242 20190206
88169514 20190206
88169695 20190206
88170166 20190206
88170536 20190206
88170643 20190206
88170649 20190206
88170674 20190206
88170681 20190206
88170737 20190206
88170747 20190206
88170856 20190206
88171706 20190206
88171926 20190206
88172094 20190206
88172331 20190206
88172423 20190206
88172449 20190206
88172813 20190206
88172847 20190206
88172858 20190206
88172867 20190206
88172869 20190206
88173019 20190206
88173026 20190206
88173399 20190206
88173467 20190206
88173552 20190206
88173555 20190206
88173689 20190206
88173710 20190206
88173890 20190206
88174379 20190206
88174419 20190206
88174477 20190206
88174524 20190206
88174530 20190206
88174567 20190206
88174819 20190206
88174915 20190206
88174985 20190206
88175082 20190206
88175299 20190206
88175304 20190206
88176464 20190206
88176472 20190206
88176490 20190206
88176547 20190206
88176574 20190206
88176711 20190206
88177081 20190206
88179604 20190206
88190600 20190206
88193101 20190206
88195403 20190206
88197218 20190206
88197333 20190206
79233522 20190207
79247079 20190207
86627067 20190207
87347519 20190207
87348700 20190207
87646375 20190207
87848750 20190207
87857092 20190207
87865502 20190207
87872485 20190207
87890243 20190207
88004657 20190207
88004662 20190207
88060436 20190207
88145876 20190207
88146305 20190207
88158550 20190207
88158731 20190207
88158829 20190207
88159550 20190207
88160816 20190207
88162129 20190207
88163008 20190207
88163553 20190207
88164311 20190207
88164356 20190207
88164500 20190207
88164522 20190207
88165038 20190207
88165047 20190207
88165428 20190207
88165432 20190207
88167123 20190207
88167492 20190207
88167551 20190207
88167655 20190207
88167658 20190207
88167665 20190207
88167674 20190207
88167675 20190207
88167759 20190207
88167943 20190207
88167971 20190207
88168100 20190207
88168168 20190207
88168272 20190207
88168274 20190207
88168398 20190207
88168809 20190207
88168857 20190207
88168864 20190207
88169049 20190207
88169077 20190207
88169467 20190207
88169876 20190207
88169913 20190207
88170235 20190207
88170803 20190207
88171260 20190207
88172405 20190207
88172545 20190207
88172865 20190207
88172881 20190207
88173504 20190207
88173870 20190207
88174950 20190207
88175427 20190207
88175547 20190207
88175716 20190207
88175870 20190207
88176045 20190207
88176084 20190207
88176531 20190207
88176787 20190207
88177125 20190207
88177627 20190207
88178006 20190207
88178022 20190207
88178327 20190207
88178336 20190207
88178343 20190207
88200542 20190207
88203585 20190207
88210820 20190207
88210853 20190207
88211084 20190207
88219759 20190207
88225163 20190207
88228992 20190207
88232476 20190207
88239044 20190207
88240187 20190207
79249636 20190208
87549944 20190208
87719434 20190208
87845693 20190208
87850492 20190208
87852628 20190208
87856772 20190208
87856801 20190208
87865408 20190208
87865423 20190208
87870019 20190208
87874421 20190208
87924190 20190208
88036151 20190208
88114394 20190208
88116512 20190208
88152233 20190208
88159846 20190207
88160191 20190208
88161647 20190208
88165503 20190208
88165519 20190208
88166394 20190208
88166400 20190208
88166815 20190208
88166914 20190208
88167569 20190207
88168769 20190208
88169311 20190208
88169623 20190208
88169673 20190208
88169723 20190208
88169890 20190208
88169915 20190208
88170824 20190208
88171150 20190208
88171257 20190208
88171293 20190208
88171381 20190208
88171420 20190208
88171431 20190208
88171446 20190208
88171459 20190208
88171460 20190208
88171479 20190208
88171510 20190208
88171523 20190208
88171534 20190208
88171898 20190208
88172134 20190208
88172140 20190208
88172442 20190208
88172827 20190208
88172917 20190208
88172927 20190208
88172937 20190208
88172958 20190208
88173510 20190208
88173551 20190207
88173578 20190208
88174920 20190208
88175128 20190208
88175609 20190208