88191572 20191216
88195408 20191216
88315211 20191216
88326158 20191216
88336267 20191216
88345290 20191216
88607550 20191216
88608010 20191216
88611266 20191216
88611283 20191216
88611313 20191216
88613343 20191216
88613532 20191216
88613533 20191216
88617928 20191216
88618186 20191216
88618330 20191216
88618565 20191216
88618877 20191216
88657114 20191216
88660535 20191216
88686076 20191216
88702462 20191216
88170654 20191217
88170663 20191217
88290827 20191217
88290840 20191217
88292924 20191217
88607394 20191217
88608525 20191217
88608784 20191217
88608790 20191217
88608793 20191217
88611596 20191217
88613648 20191217
88614450 20191217
88616344 20191217
88617521 20191217
88617945 20191217
88618180 20191217
88618649 20191217
88618934 20191217
88620233 20191217
88622151 20191217
88635588 20191217
88642287 20191217
88666589 20191217
88666592 20191217
88666597 20191217
88697275 20191217
88416487 20191218
88422670 20191218
88499105 20191218
88572431 20191218
88614425 20191218
88614445 20191218
88614451 20191218
88614512 20191218
88614694 20191218
88614973 20191218
88618790 20191218
88622148 20191218
88653803 20191218
88707032 20191218
88336916 20191219
88569811 20191219
88603392 20191219
88612441 20191219
88612749 20191219
88614061 20191219
88614618 20191219
88616165 20191219
88618428 20191219
88618431 20191219
88619479 20191219
88622412 20191219
88622675 20191219
88622971 20191219
88623085 20191219
88660332 20191218
88670799 20191219
88701632 20191219
87891918 20191220
88095898 20191220
88556130 20191220
88612032 20191220
88616164 20191220
88617812 20191220
88619067 20191220
88619949 20191220
88621559 20191220
88622388 20191220
88622391 20191220
88622398 20191220
88624580 20191220
88625026 20191220
88610212 20191221
88610664 20191221
88622867 20191220
88622891 20191220
88622908 20191220
88622910 20191221
88622911 20191221
88624405 20191221
88625447 20191221
88625843 20191221
88625848 20191221
88625874 20191221
88625875 20191221
88625879 20191221
88625894 20191221
88625896 20191221
88626097 20191221
88673006 20191221
88702090 20191221
